Script started on Tue 16 Mar 2021 01:47:58 PM EDT
==142385== Memcheck, a memory error detector
==142385== Copyright (C) 2002-2017, and GNU GPL'd, by Julian Seward et al.
==142385== Using Valgrind-3.15.0 and LibVEX; rerun with -h for copyright info
==142385== Command: ws
==142385== 
Type numbers.csv and hit <ENTER>
Enter the data file name: numbers.csv
numbers.csv
===========

   -283024    395542   -400868    457129   -611018   -308862    612532
   -518906   -579798     92555    164980   -616477     12684    324623
   -291526   -514914     25755    268189    173803   -421508    168563
    796022   -293063   -548930    365904    284661   -382849   -128325
     74079     10090    128507   -528649   -550669    396483   -428670
   -756939    -43130   -100299    409679   -481775   -452685   -825667
   -203078   -365641   -513578   -516279   -767443   -415698     37583
   -408605    690172   -441796   -488405    334230    397191   -836458
     40460    530451    -49834    357993    464810   -303376   -540564
    402108   -306879    101220     72189    601413    359640    -91373
   -408382   -196178    131677   -390993     92726    -48977   -442500
     92282   -271881    747237    165624   -319399   -115798   -485970
    457852   -569395    207548    684710    274322   -255010    270259
   -170020    -61339     83576    305363    535059    -74289   -396203
   -345917   -561179    410353      9494   -763400   -355923   -371609
    246933   -504520   -376258     40170   -350328   -451110   -199012
    660297    108534    -91360    375707   -224257   -199343    -61533
    210418   -452313    -12317   -517047     60648    385030     28800
   -259989   -810814    656693    344931   -316808    332181    161039
    -95808   -230401     65493    427286   -778988   -199879    761469
     59712   -162980   -758781    200289   -293733   -140573   -485061
    761577   -370217    585188   -386684    -33278   -431495    -93196
   -218104   -134638     92250   -165900   -222121    151718    211232
   -619246   -556571   -396148    -46659   -315109     88623    -31587
   -225123   -502496   -115729   -193360     83526   -462035    186251
    -53473     31953    170426    555022    357618    125581    686577
    279290   -135257    -74486   -380948   -738907   -219537   -334724
   -293649   -404876    -83788   -736272   -346443    -45958   -221768
   -550362   -308702    127524   -335540    128291    690914    393249
   -426363    717527   -298386   -687254   -649184    -55888   -856673
    -97632     83322    214064   -339412   -119637   -193307    303650
     11724    563357    -60191    329520    766328    -23897    850585
   -504071    593375   -188146    -30380   -674321    -90649    136967
    -28319   -511048    310705    306330     95777   -727358    209929
    725203    741044   -441703   -548904   -599884    364240    -62974
    631696   -307609    -57896    660803   -143211    263211    730242
   -642581    382249   -617171    367802   -148860    322686    617949
    241152    207156   -231309    736190   -102936    375253     90878
    135779     99203    165050    393252    -47024    732623   -606954
    298358    -29904    321640    215952    531594     46518     76178
    130817   -140212   -237368   -559271    -95329   -108462    217887
   -291479    462893   -449957    563576   -286582    290446    191801
   -148749    -16087   -127893   -303284     60178   -111916   -308472
    160095      7972   -124084   -617240    184142   -118763    -25685
    -38052    226605    520223    632030   -272142   -103832   -423969
    -89454    307711     30441    811070    211862   -386709    332480
     48053    546549   -472043   -424371   -577883     88593   -110087
   -446025   -368958   -881701    -10581    511457    556450      1664
    438566    760454   -167269   -885287   -341703    809398    182821
    -94284    -80750    940250     37738    284069    -80124    522253
   -306650    213857    -77120   -707914     27931    329416   -251349
    105128   -725080    315116    187886       557   -833171   -435328
   -607380   -425427   -541956   -633743    651979    -57530   -265892
    723126   -218975   -187892     26840    657945   -357626    102623
     46915   -404905   -778549    320631    -26668   -446843    573815
    360783    609616    673159   -258112     75752   -495255    -48795
    558082    623271   -367619    149616    559472   -141027    -63575
     16462   -614036   -250211    -14820    234842   -330065    -99526
    376478   -447441   -300277    485074    612448      4799   -815657
   -223457   -861579   -428189     38916    327484    388868   -104383
    510714    168844     32290    189526    460193   -511883   -684430
    186702    537712    -15951    169858   -561945   -492566    502371
    363196   -640168   -409175    470226   -142906    -71149   -641181
    555823    -68777   -151631    658925    -25877    578428    456993
    200644    410407    529334    120517    -74484    495808    574457
    434747   -358240   -381146    299537   -749476    706530   -153678
   -739966   -326536   -411804    -56086   -337623    176831    446472
    173816     91618    495775    193737   -380507   -933948    442438
     40084   -589961   -146964   -156799    120267   -236008   -254765
    -54929   -128834    301254     74251   -160155    248939   -640117
    710255    362531    369930   -476918    276520    105393    230684
     98649    118738    519139     85851   -826976   -466906   -102725
   -596948   -222884   -140827    -10221   -112121    209490    696335
   -879648     52423    298732      6937    650252    203286    673241
     76591   -208320    539927    365510    147067   -160535    942448
   -105709   -435138     73421   -224379    416972    -32851   -412174
   -539082    -95583    632449   -236423    597033    180958    475615
     78047   -110352    351019    342399     90778     67433   -472065
    200620    -67892   -629668     87145   -208911     49159   -135033
    288324    -61681   -267876    923347     21573   -102272    455135
      9239     31131   -488320   -339123    689259     62583    404787
    788737    -49091   -824139    -38168   -119166   -560243    333107
    204429    669296    315994     78681    337669   -545828      4782
    300502    172389   -314257    -13914    382718   -220521   -497361
    672827   -824027    136727    110232   -523316    384563    -55653
    671847   -756217   -451956    -44031   -698262    437915    369786
    203806     10398   -668839   -220719   -230582     62175   -738669
     83915    389261   -643660   -120102   -906926    848832   -790833
    703330    205681    -36622   -666813   -841083    177331   -340652
   -756316   -442801   -832558    665902   -485640   -244918   -436506
    218353    488917    788258    -16800    590947    156612   -716695
   -565831   -732998    799272    955483    341250    -19153    785174
   -306220   -360767    -40339    -85057   -780473    284719   -612884
   -872450   -577133   -400764   -594277    237134    572449    250867
    811295    107513    444470   -114688    567351    688979   -488230
    -23451   -372671     38983    145743   -351266    349981    287654
      6305    161732     39096    134783   -102106    302765    266248
    316854    -37876   -460351    439833    262573   -296383    -16312
   -103106    317415   -197573    273811    425563    315486   -166216
   -381602   -349029   -190545   -310674    633721    470741    631062
    141914    431154    -54858    -44293    167290    362606    354761
    -13342   -310380    578670    -16354   -476443    399937    353768
    -25328   -616085   -872253   -290933    165191   -415944    520120
     94400   -551283    603816   -286958    280125     52034    -79036
    353029    325819    318504     93008    513285   -757336    722395
    115350    288318   -192760    312060   -602291   -352374    461800
   -608648     37139    -15458    708445   -593626    -15350   -441258
    272215   -154096    551223   -248593     76003   -282272   -252698
    442381    -88877    355417    390433   -688487    133814   -869718
    413198   -439474   -182923   -421511    408771     43076   -527370
   -112058    193385    117191   -484781    562263    394022    641273
   -392751   -149542    -76260   -216631   -165109   -584850    323800
   -792050    365386    222404   -314870    142464    -51241     75616
   -197267    344095     80410     83966    126867     15962   -126097
   -210730   -213370   -243275    423751    120401     18126    465731
   -588106    389035    618955    588088   -109442   -292921   -635964
    893563    700999    416939    596124   -132751   -159849   -222404
   -129203   -894799   -334619   -249781    -85986    -76933    292745
    -68337   -332807    -97295   -365083     95189    406126     29428
    202013   -264881    -21403    585496    360850    -89787   -523386
   -100907    223112     45862    199102   -133965   -132623    255424
   -138951   -361063   -822110    548070    505744   -279499    335256
    281487   -898640    134440   -483811    747633   -566528   -182840
   -146353    332760    103240   -539083    366320   -123962   -348806
    174810    -21173    736892    -72638    156797   -651693   -407577
   -104751   -368553     34397   -556449    -36992   -700948     30086
    729312     33817   -679206    739368    661302   -199441   -145365
     91534     86234   -237025    192373     19920    503154   -575020
   -882128   -101600    -57030     33830   -443965    -50626    267967
    364041    181778     -6210     77375   -354616   -169524    469941
    329528    297880    236611    713253   -137382    -18395     12018
    249340   -520514    119583    240315    465499    394227    -97914
   -155675   -138243    482790     -9145    319567    940218    198852
    661336     -7132   -585927    -71720   -611394     51515   -108352
    326755   -341381    -60056    859333    269401   -584646    535156
   -537329   -128072    238991   -520052   -265233   -304453    402737
   -119439    -28348    671530    286614    182927   -354325    172555
   -395117   -747424   -165168    104136    100258    249662   -249155
   -434712     18840    -18026    414890    228107   -714735     39893
   -206229   -268949    149506     -2358    336728   -729432   -184797
   -530634    387492     79770   -246734   -536014    674029     89842
   -402946    559372     20212     10370   -302916    580485   -664836
      8351    -24967    573629    890252    121772   -508950    -66628
   -444206   -595748    116452    526773    418108   -319105   -108435
    149537   -390105    -76334   -480885   -141802    185939    618829
   -221014   -438184    -95671    148344   -417647    178481    473427
    102641   -281809     34607   -290748    206377    152246   -463369
   -252175    -94618    955197   -132969     85767   -118730   -372227
    150085   -591288   -396058    539298   -289358     26883     77542
   -374247   -214077   -629740    132093   -551711   -533085     -2836
   -181076    323214    120076    340173   -260216    847273   -352062
    -11536   -494749   -598260    866057    248237   -175071   -399704
    530839   -250357   -900090   -660777   -185170    -82895   -225982
   -681962   -749662     12233   -557212    566314   -840436    330722
    343840   -434865    392943    722943    307436   -294878   -599784
    451451    122915    645424   -184021   -630131   -199680    349465
     80209   -197465   -235878   -444405    -49702    -79277    -45238
    464077   -180529   -101739   -696499   -376233   -172435    -92366
    -46975    -33427     85621   -707001   -146201    -22507   -391080
   -494411    293374   -306246   -346148    621141    205629    435213
   -336780   -276225    -40638    322801     97686    190858    -84045
     96435    684997   -488093    -33971   -195872    151256   -165967
   -537189    365287    928313    146035    191888    -91927   -486589
    119655   -398952   -430825   -173116    677371    133052    -17300
     75047   -531372    490583   -161985   -381204   -668159   -509770
    587331   -656200   -427099     72771    598073      8085   -178926
   -342156   -133598   -125809    789174    279552   -163291   -393375
    574863    297626    -96446    202330    445828    276337   -291807
     48694    164708   -136088    -23153   -425091    363186     36174
    520307    327860   -148382    617721    460289    -67658    467537
    419119    117522    265460   -182669    256105     78192    365809
    684824   -104860   -409761   -624658    892653   -337319    142645
    -86985    806938    444919     98296   -258916    426937   -330389
     99486   -418354   -540137    147218    695783    -54302       821
    258775    824208     79323    189815     87500      9861    125528
   -395140    -86525     22979   -695870    316391   -838539   -109530
   -186016   -173705   -628282   -120597    -70149    723820    507936
    -65036    206745    144126    382167    -70593    410654    -85145
    -50916    149745    263039    304981    -76441    172062    465202
     22892   -388371    748864    107015    -85771   -133155   -207636
    254242    451201     23788   -136879   -291628    281253   -328897
   -288874   -244511   -436071      2137   -152829     87617    -50924
     14054   -642864    329397    282939   -122065    -42065   -285985
    -51712   -314952    257097     49374   -385553     66362    302499
    109713   -513010    214163    297737    325120     53901    542284
    102087     40636     23373   -326273   -451431    381001    -12195
   -262939   -419829    -17013   -886322    317985    -27588    -94414
    301482   -210229   -746322   -163069    430507    765691    372819
    170721    189335    171381    203912   -700713    -89766    -68014
   -795460   -118546    333253   -440244    158486   -221418   -214117
   -365234    -71253    373894    373990   -369645    618751   -374552
   -322468   -758304    636718     -1921     25171    125354
Total of 1343 listed!

numLtl.csv
==========

     -460984.53     -283024.22      395542.42     -400868.18
      457129.16     -611017.66     -308862.32      612532.31
     -518905.74     -579798.03       92554.54      164979.84
     -616476.55       12683.51      324623.18     -291526.36
     -514914.38       25755.33      268189.43      173802.86
     -421507.87      168562.83      796021.61     -293063.25
     -548930.27      365904.38      284661.39     -382848.59
     -128325.28       74079.23       10090.49      128506.55
     -528649.23     -550669.43      396483.48     -428669.98
     -756939.27      -43130.04     -100299.01      409678.90
     -481774.98     -452684.70     -825666.76     -203078.15
     -365641.06     -513577.83     -516279.48     -767443.31
     -415697.64       37583.49     -408604.73      690172.38
     -441796.44     -488404.75      334229.70      397191.02
     -836457.95       40460.39      530451.35      -49834.30
      357992.86      464810.01     -303376.11     -540563.95
      402108.36     -306879.10      101219.86       72188.65
      601413.25      359640.14      -91373.50     -408382.28
     -196177.65      131677.02     -390992.68       92726.33
      -48977.29     -442500.42       92281.88     -271880.88
      747236.54      165624.27     -319398.54     -115797.57
     -485969.75      457851.84     -569394.66      207547.69
      684709.86      274321.53     -255009.81      270258.53
     -170020.24      -61339.45       83576.44      305363.24
      535058.77      -74288.54     -396202.79     -345916.79
     -561178.64      410352.85        9494.04          12.23
Total of 104 listed!

>>> 20 numbers of : C_numbers.csv
T[0]: -283024.2
T[10]: 164979.8
T[20]: 168562.8
T[30]: 128506.6
T[40]: -452684.7
T[50]: 690172.4
T[60]: 464810.0
T[70]: -408382.3
T[80]: 165624.3
T[90]: 270258.5
T[100]: 410352.8
T[110]: -451109.9
T[120]: -452313.1
T[130]: -316808.2
T[140]: 59712.0
T[150]: -386683.6
T[160]: 211231.7
T[170]: -115729.4
T[180]: 125581.2
T[190]: -404876.2

-------------------------------------------------------------
>>> 20 numbers of : C_numLtl.csv
T[0]: -460984.5
T[10]: 92554.5
T[20]: -421507.9
T[30]: 10090.5
T[40]: -481775.0
T[50]: -408604.7
T[60]: 357992.9
T[70]: -91373.5
T[80]: 747236.5
T[90]: -255009.8
T[100]: -561178.6
T[110]: -308862.3
T[120]: -514914.4
T[130]: 284661.4
T[140]: -756939.3
T[150]: -516279.5
T[160]: -836458.0
T[170]: 101219.9
T[180]: -48977.3
T[190]: -569394.7

-------------------------------------------------------------
Total of 1343 numbers in numbers.csv

     12684     25755     10090      9494    -12317     28800     11724
      7972     30441    -10581      1664     27931       557     26840
     16462      4799    -10221      6937     21573      9239     31131
      4782     10398      6305     15962     18126     29428     30086
     19920     -6210     12018     -9145     -7132     18840     -2358
     20212     10370      8351     11111     26883     -2836    -11536
     12233      8085       821      9861     22979     22892     23788
      2137     14054     23373    -12195     -1921     25171
Total of 55 numbers are between -12345 and 31343
Sorted Ascending: 

    -12317    -12195    -11536    -10581    -10221     -9145     -7132
     -6210     -2836     -2358     -1921       557       821      1664
      2137      4782      4799      6305      6937      7972      8085
      8351      9239      9494      9861     10090     10370     10398
     11111     11724     12018     12233     12684     14054     15962
     16462     18126     18840     19920     20212     21573     22892
     22979     23373     23788     25171     25755     26840     26883
     27931     28800     29428     30086     30441     31131
Total of 55 numbers are between -12345 and 31343
Sorted Descending: 

     31131     30441     30086     29428     28800     27931     26883
     26840     25755     25171     23788     23373     22979     22892
     21573     20212     19920     18840     18126     16462     15962
     14054     12684     12233     12018     11724     11111     10398
     10370     10090      9861      9494      9239      8351      8085
      7972      6937      6305      4799      4782      2137      1664
       821       557     -1921     -2358     -2836     -6210     -7132
     -9145    -10221    -10581    -11536    -12195    -12317
Total of 55 numbers are between -12345 and 31343
numbers.csv
===========

     -460984.53     -283024.22      395542.42     -400868.18
      457129.16     -611017.66     -308862.32      612532.31
     -518905.74     -579798.03       92554.54      164979.84
     -616476.55       12683.51      324623.18     -291526.36
     -514914.38       25755.33      268189.43      173802.86
     -421507.87      168562.83      796021.61     -293063.25
     -548930.27      365904.38      284661.39     -382848.59
     -128325.28       74079.23       10090.49      128506.55
     -528649.23     -550669.43      396483.48     -428669.98
     -756939.27      -43130.04     -100299.01      409678.90
     -481774.98     -452684.70     -825666.76     -203078.15
     -365641.06     -513577.83     -516279.48     -767443.31
     -415697.64       37583.49     -408604.73      690172.38
     -441796.44     -488404.75      334229.70      397191.02
     -836457.95       40460.39      530451.35      -49834.30
      357992.86      464810.01     -303376.11     -540563.95
      402108.36     -306879.10      101219.86       72188.65
      601413.25      359640.14      -91373.50     -408382.28
     -196177.65      131677.02     -390992.68       92726.33
      -48977.29     -442500.42       92281.88     -271880.88
      747236.54      165624.27     -319398.54     -115797.57
     -485969.75      457851.84     -569394.66      207547.69
      684709.86      274321.53     -255009.81      270258.53
     -170020.24      -61339.45       83576.44      305363.24
      535058.77      -74288.54     -396202.79     -345916.79
     -561178.64      410352.85        9494.04          12.23
Total of 104 listed!

============================================================
DUMP---------------------------------------------------------
>>>numbers.csv<<<

-460984.5265,-283024.2242,395542.4178,-400868.1847,457129.1563,-611017.6604,-308
862.3187,612532.3100,-518905.7448,-579798.0302,92554.5358,164979.8365,-616476.54
51,12683.5118,324623.1796,-291526.3630,-514914.3759,25755.3263,268189.4301,17380
2.8641,-421507.8672,168562.8317,796021.6094,-293063.2520,-548930.2698,365904.377
0,284661.3945,-382848.5912,-128325.2829,74079.2282,10090.4863,128506.5534,-52864
9.2280,-550669.4339,396483.4774,-428669.9769,-756939.2659,-43130.0430,-100299.00
50,409678.8957,-481774.9835,-452684.6954,-825666.7551,-203078.1465,-365641.0596,
-513577.8253,-516279.4830,-767443.3081,-415697.6382,37583.4914,-408604.7276,6901
72.3823,-441796.4391,-488404.7461,334229.6951,397191.0173,-836457.9523,40460.389
8,530451.3482,-49834.2988,357992.8635,464810.0132,-303376.1119,-540563.9543,4021
08.3594,-306879.1032,101219.8571,72188.6507,601413.2494,359640.1382,-91373.4997,
-408382.2840,-196177.6542,131677.0180,-390992.6822,92726.3260,-48977.2871,-44250
0.4191,92281.8836,-271880.8796,747236.5359,165624.2728,-319398.5417,-115797.5750
,-485969.7470,457851.8386,-569394.6584,207547.6927,684709.8638,274321.5269,-2550
09.8114,270258.5266,-170020.2424,-61339.4519,83576.4399,305363.2351,535058.7678,
-74288.5353,-396202.7854,-345916.7926,-561178.6408,410352.8468,9494.0376,12.23
-------------------------------------------------------------
DUMP---------------------------------------------------------
>>>numLtl.csv<<<

-460984.5265,-283024.2242,395542.4178,-400868.1847,457129.1563,-611017.6604,-308
862.3187,612532.3100,-518905.7448,-579798.0302,92554.5358,164979.8365,-616476.54
51,12683.5118,324623.1796,-291526.3630,-514914.3759,25755.3263,268189.4301,17380
2.8641,-421507.8672,168562.8317,796021.6094,-293063.2520,-548930.2698,365904.377
0,284661.3945,-382848.5912,-128325.2829,74079.2282,10090.4863,128506.5534,-52864
9.2280,-550669.4339,396483.4774,-428669.9769,-756939.2659,-43130.0430,-100299.00
50,409678.8957,-481774.9835,-452684.6954,-825666.7551,-203078.1465,-365641.0596,
-513577.8253,-516279.4830,-767443.3081,-415697.6382,37583.4914,-408604.7276,6901
72.3823,-441796.4391,-488404.7461,334229.6951,397191.0173,-836457.9523,40460.389
8,530451.3482,-49834.2988,357992.8635,464810.0132,-303376.1119,-540563.9543,4021
08.3594,-306879.1032,101219.8571,72188.6507,601413.2494,359640.1382,-91373.4997,
-408382.2840,-196177.6542,131677.0180,-390992.6822,92726.3260,-48977.2871,-44250
0.4191,92281.8836,-271880.8796,747236.5359,165624.2728,-319398.5417,-115797.5750
,-485969.7470,457851.8386,-569394.6584,207547.6927,684709.8638,274321.5269,-2550
09.8114,270258.5266,-170020.2424,-61339.4519,83576.4399,305363.2351,535058.7678,
-74288.5353,-396202.7854,-345916.7926,-561178.6408,410352.8468,9494.0376,12.23
-------------------------------------------------------------
DUMP---------------------------------------------------------
>>>C_numbers.csv<<<

-283024.2242,395542.4178,-400868.1847,457129.1563,-611017.6604,-308862.3187,6125
32.3100,-518905.7448,-579798.0302,92554.5358,164979.8365,-616476.5451,12683.5118
,324623.1796,-291526.3630,-514914.3759,25755.3263,268189.4301,173802.8641,-42150
7.8672,168562.8317,796021.6094,-293063.2520,-548930.2698,365904.3770,284661.3945
,-382848.5912,-128325.2829,74079.2282,10090.4863,128506.5534,-528649.2280,-55066
9.4339,396483.4774,-428669.9769,-756939.2659,-43130.0430,-100299.0050,409678.895
7,-481774.9835,-452684.6954,-825666.7551,-203078.1465,-365641.0596,-513577.8253,
-516279.4830,-767443.3081,-415697.6382,37583.4914,-408604.7276,690172.3823,-4417
96.4391,-488404.7461,334229.6951,397191.0173,-836457.9523,40460.3898,530451.3482
,-49834.2988,357992.8635,464810.0132,-303376.1119,-540563.9543,402108.3594,-3068
79.1032,101219.8571,72188.6507,601413.2494,359640.1382,-91373.4997,-408382.2840,
-196177.6542,131677.0180,-390992.6822,92726.3260,-48977.2871,-442500.4191,92281.
8836,-271880.8796,747236.5359,165624.2728,-319398.5417,-115797.5750,-485969.7470
,457851.8386,-569394.6584,207547.6927,684709.8638,274321.5269,-255009.8114,27025
8.5266,-170020.2424,-61339.4519,83576.4399,305363.2351,535058.7678,-74288.5353,-
396202.7854,-345916.7926,-561178.6408,410352.8468,9494.0376,-763399.8494,-355923
.1439,-371608.6283,246932.8081,-504520.1906,-376257.8388,40170.0165,-350328.3918
,-451109.9278,-199011.6107,660297.0690,108534.1013,-91360.1950,375707.2899,-2242
56.5745,-199343.4784,-61532.8849,210417.9223,-452313.1257,-12317.3510,-517046.54
49,60647.7572,385030.0970,28799.6841,-259989.4368,-810814.1008,656693.0773,34493
1.2649,-316808.2226,332180.9165,161039.3772,-95808.0889,-230400.8046,65492.9732,
427286.2398,-778987.5079,-199879.1477,761469.1756,59711.9643,-162980.1704,-75878
0.7529,200289.2308,-293732.9564,-140572.5725,-485061.0923,761576.5219,-370216.58
30,585187.6616,-386683.5539,-33278.2762,-431494.7830,-93195.5423,-218103.7177,-1
34638.3395,92250.3657,-165900.0279,-222120.5800,151718.4272,211231.7183,-619245.
6423,-556571.3130,-396148.3568,-46659.1175,-315109.3397,88623.3132,-31587.3984,-
225122.6703,-502496.1826,-115729.4170,-193359.6617,83526.4076,-462035.3013,18625
0.7237,-53472.9466,31952.9522,170426.0577,555021.7077,357617.7247,125581.1794,68
6576.5223,279290.2056,-135257.0506,-74486.4802,-380947.5931,-738906.6704,-219536
.6068,-334723.6784,-293649.3737,-404876.2423,-83787.5973,-736272.0280,-346442.83
33,-45957.6097,-221767.6666,-550362.0546,-308702.0405,127523.6352,-335540.3703,1
28291.1272,690913.6376,393248.7944,-426363.4304,717526.5932,-298385.7407,-687253
.8430,-649184.4006,-55888.1982,-856673.3618,-97631.9741,83322.4196,214064.2918,-
339412.2175,-119637.1186,-193306.7910,303649.7060,11723.7511,563357.4598,-60190.
6495,329520.1920,766327.5728,-23896.6372,850585.2652,-504070.8391,593375.3215,-1
88146.2993,-30380.2947,-674320.5317,-90648.5821,136966.6674,-28318.9746,-511047.
8946,310705.3082,306329.5233,95777.1463,-727358.0439,209928.9844,725203.2591,741
043.7602,-441702.6257,-548903.9756,-599883.8840,364239.8827,-62973.6446,631696.3
138,-307608.7136,-57895.9231,660803.1401,-143210.5308,263210.8343,730242.0333,-6
42580.8471,382249.1812,-617171.3809,367801.9277,-148859.5145,322685.5032,617948.
6312,241152.1179,207156.0839,-231308.8580,736190.3561,-102936.0104,375252.6416,9
0877.8669,135779.2583,99202.7306,165049.9865,393252.1447,-47024.3328,732623.0790
,-606954.3378,298358.1256,-29903.9506,321639.6792,215951.9120,531594.0435,46517.
6209,76177.9429,130816.9294,-140211.8952,-237367.9512,-559271.3012,-95328.5351,-
108462.3852,217886.5917,-291479.2489,462892.8074,-449957.4752,563576.3144,-28658
1.6329,290446.0869,191801.4321,-148749.3315,-16086.5267,-127893.1887,-303283.852
7,60177.7802,-111915.7147,-308471.6257,160094.9059,7972.0689,-124083.9630,-61724
0.1544,184142.1075,-118762.6313,-25684.6959,-38052.0713,226604.7279,520223.2698,
632030.0019,-272142.4697,-103832.1834,-423969.0096,-89454.1495,307711.4842,30441
.4815,811070.2258,211862.2859,-386708.5232,332479.9488,48053.4773,546549.0365,-4
72043.1142,-424371.3458,-577882.8013,88592.5225,-110087.0857,-446025.2153,-36895
8.0947,-881701.2533,-10581.4681,511457.2156,556449.5794,1664.1668,438565.6348,76
0453.8711,-167269.2106,-885287.1226,-341703.4287,809398.4762,182821.3894,-94284.
2426,-80750.2821,940249.9997,37738.4099,284068.7722,-80124.1892,522252.9300,-306
650.1972,213856.9849,-77120.3370,-707914.4655,27931.3897,329415.7977,-251349.037
9,105128.0522,-725080.3820,315116.1437,187885.7190,557.0188,-833170.6664,-435328
.1222,-607380.2853,-425427.4794,-541955.9216,-633742.7403,651978.8418,-57529.871
7,-265892.1501,723126.2275,-218974.6177,-187892.2261,26839.8370,657945.0678,-357
626.4830,102622.5800,46914.7857,-404904.8760,-778548.5840,320631.1242,-26668.219
8,-446843.4769,573814.7136,360783.4728,609615.8126,673159.2766,-258111.9839,7575
1.8002,-495254.6468,-48794.9520,558082.1434,623271.4795,-367618.5367,149615.9383
,559471.5687,-141026.8759,-63574.5562,16461.8079,-614036.3114,-250210.7673,-1481
9.5562,234841.9238,-330064.7308,-99525.7090,376477.6397,-447440.9627,-300277.156
5,485074.2212,612447.9821,4798.8336,-815657.2841,-223457.4836,-861579.4533,-4281
88.5856,38916.4385,327484.4347,388867.5130,-104382.5530,510713.8989,168843.7968,
32290.1381,189525.5029,460192.7034,-511883.2646,-684430.2524,186702.2633,537712.
0674,-15951.4424,169858.2752,-561944.8885,-492565.6775,502371.2951,363196.2662,-
640168.4055,-409175.4504,470225.8575,-142906.2036,-71149.3866,-641180.5555,55582
2.7974,-68777.2622,-151630.9365,658924.6351,-25876.5291,578428.4731,456992.6608,
200643.7435,410407.1351,529333.5553,120516.5973,-74483.5814,495807.5818,574456.5
635,434747.2282,-358240.1267,-381146.1910,299537.3500,-749476.3339,706529.7706,-
153678.3774,-739965.8645,-326536.4117,-411804.1043,-56085.9741,-337622.8682,1768
30.6924,446471.6175,173815.9630,91617.8822,495774.7176,193737.1025,-380507.4125,
-933948.4278,442437.6309,40084.4082,-589961.2234,-146964.1582,-156799.3981,12026
7.2070,-236007.9892,-254765.3401,-54928.7021,-128834.2750,301253.5803,74251.2724
,-160155.1717,248938.5986,-640117.3840,710254.8081,362530.9375,369930.0059,-4769
17.9469,276520.4786,105393.4410,230684.2361,98648.5667,118738.2612,519139.4864,8
5851.1586,-826975.7851,-466905.8723,-102724.7413,-596947.8581,-222884.1525,-1408
26.5349,-10220.7165,-112120.7081,209490.0708,696334.7307,-879647.9592,52422.5181
,298731.8702,6936.9693,650251.8055,203286.3709,673240.8153,76591.3771,-208319.58
26,539927.4366,365510.0008,147067.2575,-160535.1100,942447.6600,-105709.1158,-43
5138.3068,73420.9653,-224378.6033,416972.4665,-32851.4745,-412173.9343,-539082.2
572,-95582.9742,632448.6488,-236423.1407,597032.6529,180958.3517,475615.0192,780
46.9803,-110352.3146,351019.3639,342398.9142,90777.5715,67432.6080,-472065.0151,
200620.3636,-67891.8178,-629668.0844,87144.8734,-208910.6214,49159.4716,-135033.
4613,288323.7154,-61680.7509,-267875.6186,923347.0874,21573.2642,-102271.5483,45
5135.1948,9239.0738,31131.3845,-488319.8937,-339123.4528,689259.3261,62582.5771,
404786.8178,788737.0276,-49091.2195,-824139.4453,-38167.6317,-119166.3974,-56024
2.9287,333107.4846,204429.0303,669295.7852,315994.1470,78681.1696,337668.5164,-5
45827.6027,4781.8608,300502.1844,172389.1062,-314256.6274,-13913.8244,382718.381
5,-220520.8495,-497361.4572,672826.9623,-824026.8997,136726.6598,110231.9197,-52
3316.3245,384563.3110,-55652.9755,671847.3819,-756217.3440,-451956.0004,-44031.4
877,-698261.8760,437914.6247,369786.0372,203805.9694,10397.9137,-668838.5395,-22
0718.9011,-230582.0592,62174.9013,-738669.2275,83915.1442,389261.3619,-643660.10
40,-120102.2565,-906925.8175,848832.1235,-790832.6476,703329.7605,205680.9152,-3
6621.9768,-666813.0822,-841083.2131,177331.1538,-340652.2108,-756315.7805,-44280
0.6585,-832557.8790,665902.4249,-485639.7072,-244917.5504,-436505.6712,218353.10
90,488917.2200,788257.5277,-16800.0999,590947.1738,156611.9897,-716695.3421,-565
831.1060,-732998.4655,799271.7100,955483.3212,341249.9593,-19152.5233,785174.456
3,-306220.3548,-360766.5949,-40338.6703,-85057.1843,-780472.6275,284719.0555,-61
2883.7281,-872449.9896,-577133.0811,-400763.7025,-594276.9241,237133.9515,572449
.0916,250866.9748,811295.4748,107512.8370,444470.3292,-114688.0300,567350.5718,6
88979.1844,-488229.8015,-23451.2531,-372670.6013,38983.2128,145742.5760,-351265.
9407,349980.5266,287653.9573,6305.1001,161731.7204,39096.2391,134782.6280,-10210
5.5051,302765.0541,266248.0544,316853.8158,-37876.1657,-460351.2800,439832.7996,
262572.6258,-296382.9946,-16311.5456,-103106.1752,317414.7101,-197572.6084,27381
1.2572,425562.6299,315485.7802,-166215.6088,-381602.0075,-349028.5168,-190545.45
63,-310673.8180,633720.6476,470741.3874,631062.4058,141913.5282,431154.3830,-548
58.4980,-44293.2959,167289.7922,362606.0085,354760.7931,-13341.5378,-310379.7795
,578670.3739,-16353.8224,-476443.0579,399936.8954,353768.2872,-25328.3215,-61608
4.6905,-872252.9911,-290932.5587,165191.3326,-415944.3479,520119.9941,94399.5554
,-551283.1200,603815.7604,-286958.2646,280124.5375,52033.8762,-79036.3834,353029
.0966,325818.8802,318504.2126,93008.3374,513284.8721,-757335.8967,722395.1785,11
5349.6507,288318.4496,-192760.2010,312059.7762,-602290.5381,-352373.9399,461800.
3756,-608647.6913,37138.9329,-15458.0402,708444.8740,-593626.4371,-15349.5585,-4
41258.4994,272215.1160,-154096.3056,551222.6707,-248593.0281,76002.5233,-282272.
4301,-252698.0448,442381.0224,-88876.6776,355417.3140,390433.3935,-688487.1998,1
33813.9746,-869718.0307,413197.6057,-439473.5473,-182922.5861,-421510.7665,40877
0.7341,43076.0624,-527369.6217,-112057.8619,193385.1165,117190.8084,-484780.9923
,562263.2868,394021.8266,641272.8377,-392751.1937,-149542.4818,-76260.2575,-2166
31.4769,-165108.7719,-584849.5847,323799.6252,-792049.8859,365386.3234,222404.32
59,-314869.8765,142464.2278,-51241.2907,75615.9592,-197266.8641,344095.0455,8040
9.9224,83966.1486,126867.2607,15962.2782,-126096.7496,-210729.8604,-213369.8234,
-243274.7550,423750.7316,120400.6888,18126.4744,465731.0507,-588106.0816,389034.
7837,618954.6045,588087.7473,-109441.9096,-292921.0384,-635964.3808,893562.8672,
700998.6685,416939.1998,596123.9149,-132750.9409,-159849.0435,-222404.4544,-1292
03.4908,-894798.8354,-334618.5744,-249781.2731,-85985.6276,-76933.3071,292744.79
35,-68336.5052,-332807.3493,-97295.0160,-365082.9328,95189.3466,406125.7269,2942
8.2366,202013.0564,-264881.1896,-21403.3934,585495.6140,360849.6687,-89786.5443,
-523385.7281,-100906.8760,223111.5680,45861.7278,199101.8387,-133965.3652,-13262
2.8504,255423.8006,-138950.7608,-361062.8891,-822109.5913,548070.1800,505743.874
6,-279499.4111,335255.5120,281487.1493,-898640.1501,134440.4494,-483811.4230,747
632.7079,-566528.0687,-182839.9377,-146352.9559,332760.3428,103240.0001,-539082.
7029,366320.3258,-123961.7271,-348806.4955,174809.9562,-21172.8275,736892.0429,-
72637.6498,156796.7375,-651692.9161,-407577.2868,-104750.7018,-368553.1084,34397
.2311,-556449.3463,-36991.5221,-700948.4572,30085.9981,729312.2084,33816.6744,-6
79206.0290,739368.0019,661301.6437,-199440.5373,-145364.5123,91534.0278,86233.78
34,-237024.5901,192373.3745,19920.3329,503153.9044,-575019.6105,-882127.8116,-10
1599.7091,-57030.0778,33829.7189,-443964.6432,-50626.1358,267966.7031,364040.905
2,181778.1278,-6209.9996,77375.0323,-354615.7012,-169524.2109,469940.8946,329527
.7995,297880.1067,236611.4509,713252.8572,-137381.7013,-18394.5059,12018.1607,24
9340.0612,-520513.7777,119582.6290,240314.8254,465498.5789,394226.9992,-97913.95
32,-155675.3915,-138243.3232,482789.9390,-9144.6074,319566.5521,940217.7270,1988
51.6960,661336.0724,-7132.0518,-585927.3031,-71720.4740,-611393.8705,51515.2635,
-108352.3041,326754.5425,-341381.0094,-60056.2961,859333.4890,269401.0475,-58464
6.3603,535155.8085,-537328.5290,-128072.4531,238990.5856,-520051.5529,-265232.63
65,-304452.9675,402736.5382,-119439.0502,-28347.5159,671529.6330,286613.6363,182
927.2851,-354324.7124,172555.1340,-395117.3756,-747423.6714,-165168.2292,104136.
4330,100258.1324,249662.2796,-249154.8349,-434712.2016,18839.6925,-18026.3711,41
4889.5621,228106.8109,-714735.4297,39892.6586,-206229.2319,-268948.5821,149506.3
024,-2358.0309,336727.8460,-729432.0869,-184797.4334,-530633.8036,387492.4968,79
769.7670,-246734.1639,-536014.0696,674028.7737,89841.5492,-402945.8173,559372.39
20,20211.5363,10370.4812,-302916.3751,580485.4707,-664835.7129,8350.7003,-24967.
0059,573629.0689,890251.5940,121772.0466,-508949.8240,-66628.0358,-444205.9278,-
595748.1113,116451.9509,526772.9810,418107.5452,-319104.8767,-108435.1743,149537
.4542,-390105.4363,-76334.0430,-480884.9215,-141801.9529,185938.8057,618829.0618
,-221013.6269,-438183.7656,-95671.1617,148343.8202,-417647.2685,178480.8531,4734
27.3493,102641.0692,-281809.4019,34607.3617,-290747.8134,206376.5669,152245.8989
,-463368.8441,-252174.6308,-94618.0381,955197.0507,-132969.3621,85767.0126,-1187
29.9205,-372226.5014,150085.4382,-591287.6614,-396057.7137,539298.1962,-289358.1
316,26883.4040,77542.2309,-374246.8005,-214076.8839,-629740.4232,132092.7868,-55
1710.5926,-533084.6343,-2835.6626,-181075.6833,323214.4151,120075.8883,340172.54
94,-260215.9393,847272.8401,-352062.2830,-11536.2814,-494749.0251,-598259.8032,8
66057.4214,248237.2660,-175070.8650,-399703.9510,530838.5868,-250356.8192,-90008
9.6121,-660776.9669,-185169.7390,-82895.0164,-225981.6474,-681962.3751,-749661.5
775,12233.1731,-557211.8055,566314.1350,-840436.4796,330721.5087,343840.4435,-43
4864.9992,392942.5349,722942.8136,307436.2836,-294877.7588,-599784.2348,451451.1
677,122915.1917,645423.6150,-184020.6144,-630130.5275,-199680.0761,349464.6266,8
0209.0577,-197465.4058,-235878.2146,-444404.5440,-49701.5233,-79277.1468,-45238.
2486,464076.8421,-180528.5405,-101739.2082,-696499.3176,-376233.1359,-172434.811
4,-92366.4771,-46975.0617,-33426.9103,85621.1526,-707000.6382,-146200.7419,-2250
7.2384,-391080.0897,-494411.0850,293373.8894,-306245.7801,-346147.8420,621141.21
49,205628.5306,435212.5054,-336779.5925,-276225.1565,-40638.0371,322800.9056,976
86.0082,190857.9233,-84045.4373,96435.1718,684996.8685,-488093.4420,-33970.7360,
-195871.9260,151255.5463,-165967.3877,-537189.4246,365286.9595,928312.7409,14603
5.4465,191887.7672,-91927.3822,-486588.6863,119654.9264,-398951.5947,-430824.843
8,-173115.9035,677371.0736,133052.1644,-17300.4681,75047.3916,-531371.6372,49058
3.4241,-161984.9823,-381204.0227,-668158.5099,-509770.2835,587330.6820,-656199.9
981,-427099.0718,72770.9402,598073.2972,8085.4715,-178925.7303,-342156.3261,-133
597.6410,-125808.7912,789173.7650,279551.5078,-163291.4525,-393375.1029,574863.4
179,297625.9266,-96445.8700,202329.8346,445828.4177,276336.8772,-291807.2573,486
94.0081,164708.1665,-136087.7755,-23152.6116,-425091.3312,363185.9573,36173.9685
,520306.7040,327859.6702,-148382.4010,617721.2776,460289.3061,-67658.3703,467537
.2542,419119.0478,117522.1958,265460.0827,-182668.7082,256105.4254,78192.3293,36
5808.8567,684823.9719,-104859.8306,-409761.2963,-624658.3966,892652.8927,-337319
.2350,142644.7441,-86984.7886,806937.6851,444918.8184,98295.9511,-258915.6269,42
6937.1879,-330388.9268,99486.4636,-418353.9182,-540136.8169,147217.8228,695782.8
186,-54302.3171,820.9638,258774.5673,824207.6779,79323.0109,189814.8740,87500.33
00,9860.7050,125527.9460,-395140.0524,-86524.7863,22978.5664,-695870.2944,316390
.6006,-838538.8385,-109530.0074,-186015.6895,-173705.2465,-628282.2782,-120597.2
105,-70148.6023,723820.1527,507935.6702,-65035.7421,206745.4526,144125.9893,3821
67.2737,-70592.6290,410654.2857,-85145.1927,-50916.1510,149745.2397,263038.6210,
304980.6971,-76441.1477,172061.7531,465201.5453,22891.6900,-388370.6348,748864.1
623,107015.4546,-85771.2976,-133154.6946,-207635.5937,254241.8275,451201.4020,23
788.0778,-136878.8102,-291627.7220,281253.4043,-328896.5360,-288874.4118,-244511
.1006,-436070.6726,2137.0911,-152829.0117,87616.6242,-50924.4298,14053.8462,-642
864.3193,329396.8620,282938.8617,-122064.7195,-42064.9304,-285984.9994,-51711.75
23,-314952.4741,257096.9190,49373.6359,-385553.3978,66362.3095,302499.2508,10971
3.2275,-513009.8156,214162.8553,297736.9914,325119.8779,53901.2745,542284.0490,1
02087.1190,40636.4315,23373.3849,-326272.7921,-451431.3053,381000.5681,-12195.39
78,-262938.7856,-419828.9670,-17013.0458,-886322.1085,317984.5242,-27587.8003,-9
4413.6316,301482.3980,-210229.0053,-746322.0274,-163068.8489,430506.9907,765690.
7791,372818.8674,170720.8320,189334.8578,171381.4801,203912.0654,-700713.1433,-8
9766.2546,-68013.8997,-795460.1225,-118545.9722,333253.4485,-440243.9921,158486.
4688,-221417.7288,-214116.8517,-365233.8226,-71252.7225,373894.4582,373990.2830,
-369644.8454,618750.6131,-374551.9256,-322468.3897,-758304.1306,636717.7594,-192
0.6665,25171.1180,125353.7797
-------------------------------------------------------------
DUMP---------------------------------------------------------
>>>C_numLtl.csv<<<

-460984.5265,-283024.2242,395542.4178,-400868.1847,457129.1563,-611017.6604,-308
862.3187,612532.3100,-518905.7448,-579798.0302,92554.5358,164979.8365,-616476.54
51,12683.5118,324623.1796,-291526.3630,-514914.3759,25755.3263,268189.4301,17380
2.8641,-421507.8672,168562.8317,796021.6094,-293063.2520,-548930.2698,365904.377
0,284661.3945,-382848.5912,-128325.2829,74079.2282,10090.4863,128506.5534,-52864
9.2280,-550669.4339,396483.4774,-428669.9769,-756939.2659,-43130.0430,-100299.00
50,409678.8957,-481774.9835,-452684.6954,-825666.7551,-203078.1465,-365641.0596,
-513577.8253,-516279.4830,-767443.3081,-415697.6382,37583.4914,-408604.7276,6901
72.3823,-441796.4391,-488404.7461,334229.6951,397191.0173,-836457.9523,40460.389
8,530451.3482,-49834.2988,357992.8635,464810.0132,-303376.1119,-540563.9543,4021
08.3594,-306879.1032,101219.8571,72188.6507,601413.2494,359640.1382,-91373.4997,
-408382.2840,-196177.6542,131677.0180,-390992.6822,92726.3260,-48977.2871,-44250
0.4191,92281.8836,-271880.8796,747236.5359,165624.2728,-319398.5417,-115797.5750
,-485969.7470,457851.8386,-569394.6584,207547.6927,684709.8638,274321.5269,-2550
09.8114,270258.5266,-170020.2424,-61339.4519,83576.4399,305363.2351,535058.7678,
-74288.5353,-396202.7854,-345916.7926,-561178.6408,410352.8468,9494.0376,12.23
-------------------------------------------------------------
Empty object tests: 
**
0.00
0.00
0
==142385== 
==142385== HEAP SUMMARY:
==142385==     in use at exit: 0 bytes in 0 blocks
==142385==   total heap usage: 3,072 allocs, 3,072 frees, 484,512 bytes allocated
==142385== 
==142385== All heap blocks were freed -- no leaks are possible
==142385== 
==142385== For lists of detected and suppressed errors, rerun with: -s
==142385== ERROR SUMMARY: 0 errors from 0 contexts (suppressed: 0 from 0)

Script done on Tue 16 Mar 2021 01:48:02 PM EDT
